mean  	sigma	
3.03899 1.52411
3.02021	1.52808
3.02078	1.52249
3.01346	1.51949
3.00679	1.5335
3.00878	1.5128
3.02223	1.52965
2.98098	1.52458
2.99402	1.52798
3.0073	1.56863
2.99305	1.56212
2.99418	1.56349
3.01266	1.5864
2.98183	1.56747
2.95898	1.51722
2.9347	1.51035
2.96209	1.52779
3.00342	1.51809
2.95594	1.54416
3.03683	1.57377
3.01964	1.53185
3.03029	1.55257
3.07496	1.47228
3.02029	1.44871
3.02972	1.47286
3.07616	1.50423
3.09646	1.52911
3.08002	1.54636
3.05244	1.53381
3.00559	1.49016
3.02836	1.51279
3.02542	1.47992
3.05699	1.49579
3.04123	1.48082
3.02576	1.48109
2.96435	1.48394
2.91988	1.52856
2.96694	1.60041
2.92484	1.57984
2.92839	1.55234
2.90478	1.52366
2.8948	1.55284
3.00097	1.57239
3.05327	1.59225
2.97631	1.53756
2.95963	1.5324
3.0353	1.5022
3.06727	1.52157
3.08411	1.5891
3.14985	1.5711
3.08895	1.51424
3.0415	1.48463
3.07467	1.54659
3.00924	1.53858
3.00419	1.50162
3.04587	1.49754
3.00505	1.46837
3.06085	1.49489
3.02617	1.48563
3.14396	1.5273
3.10994	1.55132
3.0793	1.58762
3.0705	1.61369
3.10497	1.53875
3.08441	1.55475
3.06642	1.56002
3.10486	1.54189
3.01478	1.48191
2.93009	1.48881
3.05376	1.50554
3.02577	1.53117
3.02605	1.53005
2.97559	1.50338
2.94632	1.48944
2.90875	1.57859
2.9902	1.60634
2.97447	1.52506
3.01271	1.54727
3.08245	1.55986
3.04091	1.58483
2.99237	1.59114
3.06418	1.55742
2.97492	1.5474
2.99116	1.50675
3.02494	1.50535
3.04116	1.5267
3.02255	1.53858
2.9425	1.53676
3.06294	1.56478
3.0133	1.56159
2.96656	1.58012
2.98644	1.52238
2.95068	1.50548
3.06603	1.53228
3.07509	1.56661
2.94829	1.51142
3.01032	1.6069
3.00574	1.51411
2.96142	1.478
3.10155	1.51663
3.06924	1.58017
3.00233	1.48827
3.0002	1.52261
3.03186	1.52139
3.05363	1.58398
3.04566	1.51937
3.05863	1.52531
3.06497	1.50872
3.04373	1.4931
3.06099	1.55246
3.00688	1.52079
3.02848	1.55881
2.98655	1.55539
2.95687	1.48592
3.04047	1.53382
3.05146	1.54508
3.06035	1.59386
3.01884	1.56542
3.02571	1.56854
3.07609	1.57201
2.9878	1.54104
3.07562	1.49912
2.99515	1.55548
3.06183	1.52846
3.03133	1.47669
3.00698	1.52189
3.04748	1.57942
3.02102	1.52146
2.95807	1.56738
2.98641	1.55863
3.07057	1.54429
2.99821	1.51513
3.04885	1.55633
3.02104	1.56864
3.01377	1.51889
2.99973	1.53491
3.00443	1.53714
3.03458	1.48406
2.98892	1.46832
3.00676	1.49579
3.02585	1.56814
2.97895	1.52348
3.05395	1.57193
3.01169	1.53258
3.08186	1.5324
3.03925	1.6133
3.07758	1.59819
2.98178	1.59362
3.01823	1.5398
3.04473	1.54122
3.06137	1.56141
3.09722	1.50146
2.95209	1.54235
2.99128	1.48472
3.10174	1.52024
3.0678	1.56182
3.03014	1.59529
3.08705	1.52981
3.03997	1.49488
2.96672	1.57543
3.0334	1.46632
2.98893	1.60549
2.95464	1.60513
3.10413	1.57045
2.98357	1.59019
2.9297	1.52861
2.9788	1.49451
3.02285	1.54065
2.99496	1.51304
3.00183	1.57417
2.91861	1.53651
2.93173	1.50063
2.92256	1.52765
2.94183	1.56389
2.9376	1.45478
3.01906	1.51201
3.00612	1.53412
2.91874	1.53548
2.93128	1.47443
3.02987	1.56454
2.96895	1.52697
3.00366	1.5899
2.92777	1.54021
2.96426	1.56917
2.92882	1.52663
3.02354	1.57111
3.04992	1.57785
3.03185	1.57756
2.92178	1.50912
2.9595	1.59352
2.86519	1.54804
2.9811	1.55475
2.99164	1.50824
3.0561	1.56763
3.04708	1.54694
2.92723	1.55836
2.95292	1.56387
3.03076	1.49365
2.9801	1.53089
3.06299	1.54363
3.05574	1.49685
2.98437	1.51319
3.10493	1.50033
2.97013	1.49846
3.0251	1.48026
3.00785	1.48705
3.00463	1.54302
3.05017	1.52125
3.0615	1.55232
3.01386	1.52412
3.04554	1.5241
2.98189	1.47444
3.09634	1.52802
3.06061	1.5318
3.05943	1.54876
2.97343	1.48738
2.99327	1.57128
2.99601	1.54812
3.04253	1.52157
2.97911	1.54959
3.04109	1.51822
2.9636	1.5222
3.07855	1.5008
3.04573	1.52268
2.95926	1.49515
2.95674	1.5928
2.94032	1.51899
2.98186	1.50833
2.97141	1.53189
2.99908	1.49365
3.03094	1.57225
3.08579	1.52433
3.00207	1.47058
2.96053	1.54933
3.03583	1.56019
3.00026	1.53309
3.05355	1.52063
3.0372	1.5001
3.02773	1.53755
2.97449	1.56796
3.03692	1.5673
3.0059	1.57389
3.05351	1.56091
3.08002	1.50588
3.01991	1.57749
3.02307	1.52917
2.97843	1.53656
2.97258	1.48014
3.01646	1.56071
3.00768	1.58586
2.94214	1.58051
2.96991	1.5412
2.99552	1.5642
3.00545	1.56922
3.04007	1.50965
3.00203	1.55152
3.02041	1.52348
3.03179	1.51855
3.03885	1.56159
2.95036	1.56832
3.00258	1.58944
3.03289	1.5087
2.97519	1.51765
3.04103	1.51309
3.07551	1.54405
3.02821	1.54036
2.96193	1.55253
2.9807	1.554
3.06096	1.52077
3.05394	1.57324
2.99695	1.58123
3.04452	1.49905
3.02255	1.54533
3.07899	1.57057
2.99041	1.52656
2.98231	1.52168
3.04041	1.53575
2.978	1.59515
2.94059	1.58204
3.02402	1.58242
3.00782	1.52694
3.02627	1.51586
3.11849	1.52065
3.11813	1.49344
2.94915	1.48283
2.97716	1.59381
3.00735	1.60089
2.97059	1.57298
3.03527	1.50797
3.00394	1.54185
3.04647	1.50846
3.15287	1.5704
3.11091	1.5189
3.09528	1.52324
3.07359	1.53456
3.04185	1.49134
3.06535	1.59501
3.08369	1.54396
2.97576	1.54921
3.01389	1.55703
2.98684	1.52057
3.07725	1.54908
3.09178	1.58297
3.12881	1.50792
3.14879	1.57394
3.14658	1.57677
3.13772	1.52321
3.1214	1.49353
2.9972	1.5157
2.97921	1.52899
3.08261	1.61344
3.01891	1.55942
3.03435	1.5171
3.03941	1.49825
2.95588	1.49401
2.94677	1.50792
2.96557	1.49838
2.97342	1.57034
3.01504	1.52655
2.91703	1.46332
3.0882	1.42564
3.01931	1.60903
3.05001	1.61284
3.10594	1.5396
2.95981	1.52206
3.00038	1.53249
2.97276	1.51951
3.02593	1.49932
3.01288	1.51407
2.96575	1.4957
2.97253	1.53216
2.96619	1.48222
2.92487	1.54502
2.97981	1.5713
3.0659	1.58428
2.99953	1.56965
3.10129	1.46534
3.02888	1.60673
2.94768	1.56998
3.01777	1.5929
2.9484	1.50628
3.10645	1.55548
3.01578	1.51498
3.01524	1.53862
3.01644	1.48427
3.13793	1.4851
3.14963	1.52356
3.09027	1.49225
3.07216	1.47767
2.99937	1.50469
2.98976	1.54811
2.97486	1.50328
2.98297	1.54712
3.04395	1.48157
3.01499	1.51262
3.05671	1.56523
2.94514	1.55748
2.9142	1.55584
3.00321	1.52154
3.00914	1.56317
3.03287	1.57284
3.09369	1.54406
3.08353	1.54202
3.02478	1.48462
3.01297	1.54398
2.97155	1.57176
2.95239	1.54017
3.06469	1.57705
3.09403	1.51513
3.04817	1.45945
3.03117	1.61001
3.03222	1.62202
2.96895	1.49584
3.10467	1.50495
3.00492	1.51326
3.05362	1.52703
3.0184	1.57614
3.06502	1.55613
3.01869	1.49282
3.01514	1.47121
2.93456	1.52251
3.00462	1.54106
3.05531	1.55232
2.98483	1.56086
3.02249	1.47549
3.02807	1.52969
3.0604	1.50723
3.06888	1.49999
2.99512	1.56676
3.01679	1.54606
3.00279	1.48404
3.02109	1.54962
2.99714	1.50157
3.11033	1.48905
3.01589	1.54509
3.04582	1.54859
2.99876	1.50506
3.06265	1.51268
3.00575	1.49673
2.95924	1.46924
3.11501	1.49328
3.02876	1.49448
3.04642	1.51735
2.94058	1.53638
3.04255	1.47747
3.0619	1.5102
3.03619	1.52712
2.98783	1.48893
3.04655	1.46087
3.01797	1.50281
2.99599	1.52445
3.00677	1.51186
3.03774	1.5822
2.97591	1.54139
3.00554	1.53052
2.94719	1.55956
2.97808	1.52295
3.08452	1.50702
3.00533	1.47644
3.08639	1.53747
3.10763	1.55309
2.94984	1.49716
2.96672	1.61914
2.92729	1.49345
3.09539	1.48317
2.98836	1.50685
3.05762	1.56071
3.04834	1.51844
2.98282	1.49818
2.94827	1.54589
2.9947	1.47619
2.96846	1.52371
3.06393	1.60597
2.89144	1.54381
3.08745	1.49593
3.04714	1.44795
2.93135	1.4957
3.04451	1.49858
3.06464	1.50449
3.01052	1.51695
2.95422	1.56646
3.0907	1.56021
3.01607	1.5542
2.98321	1.54836
3.06892	1.52521
3.06667	1.55611
3.01377	1.50292
3.03456	1.5439
3.03992	1.50367
2.96129	1.5151
3.02441	1.55908
2.96552	1.49738
3.08671	1.52194
2.95242	1.50094
2.98878	1.48566
2.9859	1.51485
3.0076	1.52418
3.00329	1.58728
2.97422	1.53131
3.07269	1.57682
3.02039	1.58627
3.06603	1.5723
3.08428	1.52971
3.07762	1.52592
2.98074	1.55813
2.89714	1.57515
2.92579	1.50244
2.94	1.50821
2.99392	1.52826
3.08736	1.56469
3.04974	1.52021
2.94656	1.51286
2.9516	1.47295
2.99815	1.48143
3.00154	1.51254
2.94961	1.57366
3.1077	1.55202
3.11847	1.52703
3.11476	1.57545
3.00469	1.51113
2.9827	1.48057
3.01066	1.51829
3.05159	1.51294
2.97748	1.49589
3.10246	1.5573
3.06351	1.47396
3.05034	1.49677
3.01613	1.53486
2.98456	1.44992
3.02279	1.57605
3.11417	1.59974
2.99025	1.55126
3.02223	1.62222
3.00931	1.57675
3.09249	1.53038
3.09046	1.51866
3.06524	1.54362
3.05958	1.55906
3.06026	1.50788
3.06983	1.4828
3.00178	1.52786
3.02419	1.46899
2.93096	1.51355
3.04228	1.49981
2.92963	1.48909
3.00327	1.48206
3.01516	1.56734
2.99431	1.56387
3.06805	1.52074
3.04836	1.55908
3.06306	1.49592
3.10221	1.56332
2.98072	1.51776
3.08451	1.54529
3.093	1.52652
2.92546	1.51068
3.00352	1.56118
3.10764	1.57756
3.08306	1.56752
3.05128	1.58229
3.05853	1.53976
3.09312	1.57135
2.97704	1.54895
3.07693	1.55198
3.03554	1.50163
2.9933	1.51797
3.0425	1.49108
3.06972	1.50674
3.06783	1.50483
3.02477	1.54888
2.979	1.52796
3.03756	1.55967
3.03993	1.49424
3.04429	1.53252
3.0653	1.54419
3.0165	1.53049
3.02734	1.5594
3.01476	1.5176
3.00407	1.56942
3.0805	1.5347
2.976	1.45594
3.03019	1.55085
3.11096	1.53499
3.09843	1.4977
3.03031	1.62033
3.04937	1.62242
3.05504	1.61223
2.99932	1.49351
3.08022	1.5448
2.97365	1.44861
2.96108	1.57611
3.05465	1.55974
2.99954	1.52263
3.003	1.51008
2.98774	1.56631
2.87732	1.54342
2.91476	1.50941
2.95828	1.52578
3.04804	1.52202
3.06808	1.51101
3.0421	1.56312
3.01122	1.52297
3.04338	1.6022
3.04966	1.57961
3.04376	1.52501
2.98599	1.57951
3.06346	1.56787
3.11045	1.60656
3.04956	1.53263
3.0473	1.5671
3.04875	1.55081
3.044	1.55673
2.99434	1.5883
3.02077	1.53743
3.09978	1.54079
3.01569	1.45982
3.02495	1.60892
2.98801	1.55451
2.9942	1.49429
3.0077	1.5384
3.08425	1.54341
3.05807	1.48005
3.11711	1.54552
2.99877	1.61672
2.93417	1.57903
2.9629	1.56106
2.95159	1.5819
2.88159	1.59486
2.97875	1.60235
3.04779	1.48029
3.07471	1.55895
3.04437	1.50143
2.9622	1.50371
2.97458	1.52249
2.98609	1.52889
2.99705	1.58867
3.06709	1.56033
2.92103	1.4964
3.08619	1.52911
3.04403	1.50133
2.9628	1.53662
2.96631	1.57399
2.99741	1.58292
2.98765	1.52617
2.96679	1.49858
2.99845	1.51803
2.93518	1.55303
2.98494	1.4977
3.08689	1.52652
3.03689	1.54037
2.97477	1.53636
3.06489	1.59725
2.99578	1.60895
3.06365	1.55199
2.99594	1.5356
2.89694	1.56053
2.93626	1.49328
2.96946	1.57197
2.93965	1.53943
3.0401	1.59253
3.03918	1.49234
3.04038	1.44245
3.09566	1.46385
2.95427	1.54672
2.9524	1.52115
3.11446	1.56516
3.03226	1.49543
2.97887	1.52764
3.01718	1.48251
3.01187	1.50855
3.02722	1.49778
3.02931	1.50163
3.06958	1.52453
3.02868	1.5757
2.93184	1.51195
2.96735	1.53928
2.95587	1.53337
2.98657	1.46818
3.06907	1.53883
2.99608	1.59567
3.00427	1.60941
3.06263	1.63439
3.14587	1.58613
3.13691	1.5044
3.10344	1.50816
3.05522	1.54704
3.00738	1.56059
2.95314	1.55009
2.99729	1.58375
3.01207	1.51932
3.05385	1.55689
2.96034	1.52613
2.97597	1.56444
3.10691	1.57128
2.98434	1.58646
3.00094	1.62668
2.99578	1.62062
2.90335	1.58828
2.95773	1.55445
2.96284	1.55524
2.97992	1.50095
2.99823	1.51511
3.05402	1.5681
2.99356	1.62168
2.91124	1.59569
2.99468	1.54607
2.95995	1.54815
3.03455	1.55045
3.04491	1.52154
3.05235	1.51835
2.94941	1.50506
2.9996	1.50264
2.94939	1.54169
3.04586	1.54316
3.00415	1.58155
3.07053	1.56361
3.05213	1.57063
3.03969	1.54984
3.02955	1.57531
2.92085	1.59083
2.90592	1.53244
2.92499	1.57551
2.89717	1.51392
2.99503	1.53747
3.07517	1.49959
3.05668	1.54806
3.07235	1.59454
3.0486	1.50741
2.9802	1.50773
2.90566	1.5739
3.04372	1.54002
2.95608	1.55542
3.03252	1.58026
3.06864	1.59186
3.07719	1.51514
3.06509	1.56179
2.98485	1.57348
2.95408	1.5647
3.01181	1.48812
2.97417	1.46176
2.96579	1.45493
3.09915	1.56116
2.93678	1.52479
2.99429	1.57227
3.03501	1.56053
3.02161	1.54504
3.10107	1.53208
3.11514	1.53517
2.99542	1.51442
2.98933	1.55728
3.07378	1.47883
2.95907	1.45806
3.0352	1.48212
3.10919	1.53896
3.12784	1.55587
3.0682	1.55873
2.95647	1.47781
2.96558	1.47136
2.99667	1.47279
3.05792	1.48938
3.0263	1.52391
3.0519	1.51307
2.95053	1.5493
2.99584	1.57395
3.07283	1.53474
3.00051	1.48583
3.08388	1.51924
2.93915	1.53352
2.99466	1.51228
3.01973	1.55512
2.97754	1.51828
3.04322	1.5706
3.03035	1.57539
2.99963	1.55124
2.98695	1.48805
3.05174	1.40323
3.16028	1.44622
3.17285	1.52566
3.16404	1.48702
2.9494	1.44396
3.15005	1.49826
3.07156	1.55711
2.9757	1.59732
3.08531	1.56037
3.09381	1.58311
3.04988	1.6235
3.04609	1.5085
3.02486	1.50853
3.06593	1.52959
3.03254	1.53185
3.05949	1.54418
3.00488	1.59109
3.02209	1.56251
3.03914	1.55615
3.0582	1.53986
3.08821	1.50991
2.97489	1.57422
2.97067	1.49267
2.94096	1.57156
3.0237	1.5515
3.01158	1.54644
2.97864	1.53595
3.0906	1.55943
3.03998	1.61381
2.94792	1.47502
2.94697	1.52597
3.02611	1.52541
3.01978	1.49293
2.97229	1.50728
2.99	1.56931
2.98598	1.49936
3.0684	1.50268
3.08678	1.54657
3.04312	1.53691
2.96644	1.48699
2.98968	1.49071
3.036	1.54562
3.03829	1.54482
3.04112	1.58313
3.03572	1.59669
3.08152	1.60234
3.0184	1.58302
3.03596	1.57903
3.0306	1.56482
3.01951	1.51814
3.02975	1.53842
3.08236	1.53769
3.05299	1.59516
3.07331	1.50934
2.98101	1.50722
2.93986	1.52822
2.99044	1.50281
2.95366	1.47811
2.99777	1.5027
3.04796	1.52263
3.09528	1.49275
3.04571	1.49438
3.0769	1.47799
3.01699	1.51385
2.98719	1.52035
2.97245	1.53189
3.04972	1.47749
2.94276	1.55859
2.93403	1.59498
2.98739	1.54052
3.02184	1.56742
3.00474	1.51728
3.00346	1.55484
3.0322	1.54026
3.02501	1.53355
3.00881	1.45706
2.95897	1.51307
3.01431	1.49677
2.90574	1.52707
3.01999	1.51636
3.00814	1.52599
3.04137	1.50083
3.01589	1.52415
3.03994	1.5714
2.95601	1.5958
3.02676	1.61926
2.9799	1.61363
3.09002	1.57069
3.08753	1.52521
3.15314	1.52
3.09932	1.56362
3.10441	1.55634
3.02117	1.56972
2.94967	1.50703
3.04152	1.54126
3.06009	1.55365
3.04626	1.58136
2.98835	1.49489
3.02561	1.50873
2.98656	1.54963
2.94637	1.53735
3.02224	1.49784
3.07493	1.54848
2.98673	1.52608
3.05848	1.49333
3.04538	1.56512
3.01714	1.55743
2.9861	1.48009
2.99998	1.4792
2.96431	1.49828
2.96355	1.48761
3.08032	1.50426
3.03213	1.51451
3.04386	1.53467
3.04231	1.51387
3.00208	1.55845
2.99729	1.52306
3.02226	1.50601
3.03425	1.5699
2.9693	1.55767
2.99262	1.55362
3.06352	1.53528
3.03248	1.59268
3.06986	1.58456
2.96991	1.55322
3.04362	1.5605
3.06483	1.54829
3.03966	1.56235
2.99207	1.59166
3.10506	1.55708
2.97752	1.56298
3.06937	1.53912
3.03223	1.47565
2.96922	1.51722
3.02723	1.54436
3.07719	1.50581
3.02198	1.50644
3.02083	1.56755
2.94406	1.48689
3.01799	1.44483
3.12192	1.49338
3.00506	1.61827
2.9803	1.54873
2.95677	1.5532
2.97144	1.56458
3.06772	1.54087
3.00856	1.53585
3.07391	1.50356
3.05064	1.58468
3.00149	1.59767
3.02757	1.46903
3.02545	1.54617
3.00602	1.5251
3.07512	1.54389
3.0773	1.55297
2.97562	1.56601
2.99153	1.51251
2.98622	1.53642
2.96377	1.55092
3.03642	1.57575
2.95624	1.54973
3.05536	1.49715
3.10007	1.56162
2.94012	1.5208
2.971	1.51062
2.986	1.53324
3.02844	1.53973
2.94211	1.5445
3.02155	1.48448
3.01981	1.49708
2.99813	1.47231
2.92306	1.51447
2.99558	1.56177
3.0277	1.57161
3.00092	1.47436
3.0222	1.51798
3.08354	1.50591
3.06653	1.48656
2.96973	1.57113
3.03719	1.58496
2.97695	1.46939
3.01818	1.55462
2.99568	1.49009
2.96083	1.50247
3.08995	1.53664
3.06004	1.49871
3.06425	1.57995
3.0876	1.56733
3.05348	1.5705
3.12862	1.57621
3.04733	1.55545
2.98913	1.49109
3.01582	1.45568
2.97018	1.54252
3.05858	1.46643
2.9511	1.56243
3.03563	1.59222
2.94572	1.55795
2.99618	1.57362
3.09335	1.51846
3.04543	1.51709
3.03372	1.50283
3.03959	1.47583
2.97941	1.5147
3.01514	1.52219
3.0428	1.5407
2.92348	1.52806
2.93273	1.52537
3.00415	1.45571
3.0236	1.46073
3.1031	1.50655
3.0646	1.52239
3.05584	1.52076
3.09123	1.54012
3.0674	1.50579
3.04823	1.49746
2.92807	1.52079
2.85373	1.53504
2.86603	1.55523
2.91374	1.46237
2.96667	1.44919
2.98512	1.53097
2.97213	1.49263
3.00372	1.52814
2.9981	1.55051
3.04696	1.56415
3.06674	1.54622
3.05911	1.55129
2.95829	1.55103
2.96345	1.49617
3.02324	1.55026
3.12386	1.4738
3.00965	1.54304
3.01649	1.47172
2.94406	1.57682
2.89143	1.5275
2.97888	1.48858
3.0784	1.55341
3.00783	1.56709
3.03296	1.52434
3.03506	1.49776
3.02194	1.55557
2.99323	1.58137
2.98613	1.62893
2.92392	1.54212
2.96699	1.59455
3.04975	1.4954
2.94678	1.52534
3.00719	1.50599
2.96577	1.49229
3.10981	1.56866
3.03411	1.54137
3.03872	1.49527
2.99363	1.55224
3.02058	1.51636
2.99212	1.51957
3.03703	1.49497
2.91376	1.50115
2.98533	1.54804
2.99682	1.53723
2.9932	1.53146
2.97424	1.5464
3.07823	1.55937
2.88942	1.49473
2.87144	1.56318
