4.28957
1.85933
4.27574
1.88887
4.2596
1.8515
4.237
1.86587
4.22875
1.87998
4.24722
1.88468
4.22871
1.88848
4.23934
1.89239
4.22119
1.86079
4.23944
1.88768
4.20273
1.84172
4.19105
1.847
4.16565
1.85217
4.16844
1.85771
4.09818
1.87178
4.08764
1.86354
4.09595
1.85464
4.09529
1.82641
4.09672
1.90314
4.09039
1.90654
4.07655
1.95246
4.07711
1.94217
4.05413
1.9086
4.04043
1.90952
4.01472
1.96102
3.98678
1.97264
4.00412
1.96894
3.97525
1.99151
3.98432
1.94126
3.9619
1.96461
3.99356
1.8913
4.0012
1.93305
3.94775
1.92931
3.91987
1.96723
3.90666
1.89898
3.92237
1.8728
3.92591
1.90037
3.87417
1.85486
3.84894
1.88562
3.8308
1.85299
3.82354
1.84732
3.82901
1.82587
3.82653
1.70266
3.82733
1.72778
3.83069
1.71157
3.78448
1.80624
3.75596
1.78871
3.76233
1.78986
3.75308
1.79543
3.76396
1.7865
3.75215
1.77936
3.72294
1.72474
3.66498
1.79054
3.67226
1.8217
3.61969
1.83342
3.59076
1.75977
3.56985
1.79057
3.56706
1.704
3.55105
1.7258
3.55624
1.70532
3.55906
1.73295
3.5214
1.63322
3.4633
1.66708
3.48038
1.58015
3.46943
1.61269
3.45626
1.56734
3.46677
1.56035
3.45246
1.54935
3.46511
1.58401
3.38809
1.52989
3.37199
1.62181
3.37849
1.65375
3.37551
1.6299
3.38686
1.60885
3.23541
1.71303
3.21415
1.66995
3.21571
1.70565
3.21844
1.66742
3.25267
1.61947
3.18361
1.68851
3.17966
1.70686
3.20247
1.70286
3.20122
1.7054
3.19418
1.67283
3.16728
1.69212
3.13676
1.68356
3.14183
1.66541
3.21264
1.59611
3.20751
1.65575
3.23346
1.60549
3.20351
1.66742
3.23305
1.60475
3.26998
1.60477
3.26572
1.60871
3.25775
1.56494
3.24751
1.56905
3.21382
1.50419
3.25056
1.52099
3.16713
1.59125
3.19929
1.49314
3.14829
1.49315
3.16234
1.47213
3.13576
1.4949
3.05756
1.55676
3.07829
1.56207
3.03551
1.6048
3.06455
1.54524
3.06009
1.53286
3.00013
1.62328
2.96157
1.62576
2.97737
1.62418
3.06361
1.59402
3.1489
1.5731
3.09982
1.59877
3.13332
1.54417
3.14311
1.53473
3.14759
1.53751
3.03515
1.61001
3.05342
1.60427
2.98886
1.67851
3.02121
1.65776
3.06821
1.67995
3.14444
1.59751
3.12828
1.62503
3.13704
1.62162
3.10946
1.64734
3.10617
1.61398
3.19767
1.52995
3.12359
1.56245
3.08497
1.62435
3.09402
1.63271
3.07654
1.62182
3.01312
1.62007
3.01206
1.64423
3.02999
1.608
3.085
1.59102
3.09624
1.50612
2.98169
1.60617
3.00791
1.59674
3.06228
1.58032
3.05139
1.48645
2.98029
1.58136
3.08158
1.57015
3.06185
1.57158
3.04424
1.61682
3.04919
1.56243
3.10731
1.55723
3.08296
1.49795
3.03555
1.57611
2.98064
1.60507
2.96446
1.64207
3.00087
1.58682
3.07307
1.50148
3.08902
1.55349
3.03813
1.56906
3.08423
1.49037
3.09535
1.44532
3.05339
1.49608
3.07555
1.45541
3.07215
1.48335
3.04064
1.46096
3.02969
1.39715
2.98941
1.43251
2.94438
1.45143
2.95426
1.46336
2.94816
1.47371
3.02084
1.49226
3.04348
1.49393
3.13305
1.60542
3.13331
1.56106
3.14234
1.59455
3.15293
1.4737
2.97225
1.59911
3.06605
1.47941
3.02709
1.58282
3.03552
1.47013
2.98361
1.57807
2.93386
1.48541
3.00026
1.4891
2.96238
1.60363
2.95863
1.46668
3.01472
1.44457
3.00674
1.47524
2.9359
1.57335
2.96451
1.43752
2.915
1.55893
2.93601
1.53295
2.92659
1.59822
2.94464
1.56939
2.94319
1.48169
2.99569
1.47615
2.99003
1.58082
2.93744
1.59823
2.94475
1.57178
3.05592
1.49522
3.02743
1.60581
3.09022
1.55436
3.1615
1.574
3.10944
1.57534
3.00208
1.61047
2.99906
1.47744
3.0182
1.63629
3.11729
1.5682
3.03696
1.59079
3.09341
1.57008
2.9792
1.63356
2.95524
1.64251
3.03326
1.4395
2.90076
1.46427
2.83705
1.51618
2.89859
1.60073
2.90034
1.57922
2.92126
1.47725
2.89776
1.64604
2.93853
1.64781
2.92207
1.63212
2.98181
1.53253
3.11057
1.52631
3.18942
1.52613
3.14914
1.6013
3.09487
1.63526
3.09127
1.45707
3.05898
1.43712
3.05708
1.45544
3.05758
1.45707
3.02358
1.48089
3.08184
1.44178
3.03281
1.44647
3.01533
1.55659
3.00062
1.47043
2.99185
1.57893
2.97139
1.61963
2.96893
1.49372
2.97076
1.60544
2.93695
1.41317
2.88711
1.43985
2.86354
1.52599
2.90086
1.48867
2.97086
1.40685
2.88541
1.51815
2.85048
1.48732
2.88773
1.47203
2.92618
1.45035
2.94159
1.42211
2.86619
1.54015
2.88911
1.61116
2.93148
1.45383
2.88169
1.5892
3.00618
1.59662
3.06289
1.48392
3.07852
1.62351
3.06441
1.58619
3.11017
1.53249
3.03108
1.46514
3.1
1.53517
3.08424
1.56443
3.16144
1.47529
3.00559
1.58079
3.18942
1.46609
3.14607
1.47942
3.02503
1.64757
3.11066
1.55012
3.09332
1.61753
3.11174
1.53792
3.028
1.62573
3.04275
1.59964
3.05612
1.5801
3.12361
1.54258
3.11482
1.56574
2.89347
1.58095
2.90999
1.56659
2.97507
1.57358
3.02664
1.59836
3.09487
1.51032
2.99853
1.68342
3.14185
1.53906
3.14207
1.49387
3.05441
1.52917
3.11615
1.56409
3.09976
1.53238
3.07005
1.62179
3.02537
1.61236
3.02884
1.59528
2.94641
1.66329
3.04469
1.66899
3.06899
1.64902
3.08059
1.62786
3.12053
1.56352
3.02982
1.63692
3.1836
1.53175
3.05511
1.65116
3.06209
1.62413
3.0026
1.61091
3.10804
1.61111
3.08412
1.59055
3.13929
1.5504
3.12278
1.4748
3.0086
1.61237
3.09639
1.47773
3.03022
1.59192
2.94606
1.55402
3.0651
1.41554
3.11037
1.53309
3.06883
1.59899
3.12079
1.55176
2.95058
1.62104
2.97116
1.63366
3.10014
1.45533
3.11239
1.48825
3.10253
1.49833
3.01463
1.6111
3.06797
1.55207
3.03938
1.45448
3.08504
1.4461
3.07865
1.61846
3.07893
1.44606
2.98593
1.46126
3.0876
1.45905
3.07195
1.46643
3.17114
1.43263
3.07346
1.40254
3.08065
1.44796
3.12608
1.45645
3.03436
1.45584
3.13326
1.47128
3.12791
1.49414
2.93263
1.42759
3.09448
1.48719
3.11292
1.47343
3.11566
1.5124
3.06406
1.46522
3.06425
1.48713
2.96426
1.49518
2.99164
1.60875
3.05522
1.48941
3.02657
1.50579
3.06159
1.57499
3.06759
1.57269
3.06214
1.44083
3.14264
1.43727
3.10804
1.57079
2.94725
1.62968
2.87743
1.66294
2.89574
1.62373
2.94336
1.68333
2.87059
1.5804
2.88104
1.62806
2.94236
1.60734
2.87939
1.60571
2.92731
1.49805
2.97204
1.49027
2.91401
1.46779
2.9222
1.54905
2.90391
1.51156
2.91025
1.50194
2.89116
1.55654
3.0551
1.40145
3.09857
1.60193
3.11688
1.5406
2.97787
1.54875
2.97117
1.56976
3.09299
1.50992
2.9164
1.59858
2.91578
1.42755
3.04181
1.4567
3.04077
1.43608
3.06771
1.43615
3.08451
1.46445
3.05289
1.48716
2.99803
1.46716
2.91371
1.54333
2.98761
1.5585
2.95529
1.5729
3.06367
1.44345
3.09275
1.58965
3.02638
1.64329
3.12773
1.58919
3.05683
1.62252
3.0782
1.59448
3.00504
1.49261
3.01661
1.49379
2.96363
1.64091
2.98461
1.44822
3.0794
1.54071
3.0082
1.45168
2.91421
1.59973
2.95606
1.60471
