4.28185
1.88143
4.28185
1.88143
4.26566
1.86816
4.26455
1.8606
4.26242
1.86328
4.25644
1.84743
4.25722
1.84807
4.24933
1.85779
4.24933
1.85779
4.24121
1.84698
4.24121
1.84698
4.2285
1.8653
4.22037
1.88602
4.22037
1.88602
4.2108
1.88132
4.2108
1.88132
4.2108
1.88132
4.2108
1.88132
4.20016
1.86486
4.20016
1.86486
4.18682
1.89679
4.18682
1.89679
4.18682
1.89679
4.17447
1.82969
4.13524
1.80001
4.13524
1.80001
4.13524
1.80001
4.1251
1.78232
4.09099
1.79131
4.09099
1.79131
4.09099
1.79131
4.05722
1.75067
4.04683
1.79724
4.03153
1.80831
4.03153
1.80831
3.97016
1.75876
3.97016
1.75876
3.94608
1.72145
3.93285
1.76486
3.93285
1.76486
3.90344
1.76097
3.90344
1.76097
3.90344
1.76097
3.90344
1.76097
3.90344
1.76097
3.90344
1.76097
3.90344
1.76097
3.90344
1.76097
3.88271
1.78861
3.86134
1.8201
3.86134
1.8201
3.86134
1.8201
3.87256
1.78451
3.82719
1.8126
3.81117
1.84267
3.81117
1.84267
3.81117
1.84267
3.81117
1.84267
3.81117
1.84267
3.75728
1.82853
3.77432
1.74769
3.77432
1.74769
3.77432
1.74769
3.77432
1.74769
3.7473
1.80417
3.73619
1.83326
3.73619
1.83326
3.72383
1.85835
3.67262
1.853
3.63881
1.8714
3.63881
1.8714
3.63881
1.8714
3.63881
1.8714
3.65915
1.82155
3.65915
1.82155
3.65915
1.82155
3.67189
1.75143
3.64201
1.6689
3.62505
1.65086
3.62505
1.65086
3.62505
1.65086
3.59842
1.71848
3.59842
1.71848
3.59842
1.71848
3.59842
1.71848
3.59842
1.71848
3.56781
1.77037
3.49668
1.77161
3.48356
1.77688
3.48356
1.77688
3.4369
1.81021
3.4369
1.81021
3.41576
1.77483
3.42757
1.69236
3.39298
1.60161
3.38349
1.64177
3.38349
1.64177
3.38349
1.64177
3.37247
1.62484
3.37247
1.62484
3.37247
1.62484
3.34872
1.66282
3.34872
1.66282
3.3154
1.64835
3.31211
1.55756
3.23424
1.58275
3.23984
1.54996
3.22371
1.58618
3.22371
1.58618
3.19651
1.45586
3.19256
1.48208
3.19256
1.48208
3.19256
1.48208
3.19256
1.48208
3.18308
1.58175
3.18308
1.58175
3.18126
1.47919
3.18126
1.47919
3.17003
1.48112
3.17003
1.48112
3.17003
1.48112
3.17003
1.48112
3.09947
1.58913
3.09947
1.58913
3.09947
1.58913
3.09947
1.58913
3.045
1.52749
2.99789
1.4961
2.99789
1.4961
2.99194
1.52044
2.99194
1.52044
2.99194
1.52044
2.99194
1.52044
2.99194
1.52044
3.02357
1.51711
2.99833
1.5285
2.99833
1.5285
2.99833
1.5285
2.99833
1.5285
2.99833
1.5285
2.99833
1.5285
2.99833
1.5285
2.99833
1.5285
2.95573
1.55205
2.95573
1.55205
2.95573
1.55205
2.97057
1.44388
2.9352
1.45987
2.9352
1.45987
2.93632
1.54376
2.94261
1.47935
2.94261
1.47935
2.91827
1.5181
2.91827
1.5181
2.91827
1.5181
2.96807
1.5805
2.96807
1.5805
2.93709
1.55955
2.93709
1.55955
3.00615
1.54962
3.00615
1.54962
3.04186
1.53936
3.04186
1.53936
3.04186
1.53936
3.00119
1.5115
3.00119
1.5115
3.02095
1.53026
3.00161
1.49708
3.00161
1.49708
3.00161
1.49708
3.00161
1.49708
3.00161
1.49708
3.00161
1.49708
3.05292
1.51727
3.05292
1.51727
3.06761
1.53587
3.06761
1.53587
3.023
1.57104
3.06892
1.49629
3.06892
1.49629
3.08376
1.49608
3.07352
1.50066
3.05463
1.53845
2.9911
1.49938
2.9911
1.49938
2.93926
1.53159
2.93926
1.53159
2.93926
1.53159
2.93926
1.53159
2.93926
1.53159
2.93926
1.53159
2.96087
1.56584
2.96087
1.56584
2.96087
1.56584
3.03777
1.56762
3.03777
1.56762
3.03777
1.56762
3.03777
1.56762
3.03777
1.56762
2.98089
1.54608
2.98089
1.54608
2.98089
1.54608
2.98089
1.54608
3.05186
1.52306
3.05186
1.52306
3.05186
1.52306
3.05186
1.52306
3.05186
1.52306
3.05186
1.52306
3.05186
1.52306
3.05186
1.52306
3.01321
1.57985
3.01978
1.52866
3.01978
1.52866
3.01978
1.52866
3.01978
1.52866
3.01978
1.52866
3.01978
1.52866
3.01978
1.52866
3.01978
1.52866
3.01419
1.5097
3.01419
1.5097
3.01419
1.5097
3.01419
1.5097
3.01419
1.5097
3.01419
1.5097
3.07166
1.49644
2.99738
1.54086
3.01358
1.53931
3.01358
1.53931
3.01358
1.53931
3.01358
1.53931
3.01358
1.53931
3.01358
1.53931
2.94945
1.54612
2.94945
1.54612
3.00271
1.53839
3.00271
1.53839
3.00271
1.53839
3.00271
1.53839
3.00271
1.53839
3.05077
1.54184
3.04599
1.49608
3.04599
1.49608
3.04599
1.49608
3.04599
1.49608
3.04599
1.49608
2.99897
1.53038
2.99897
1.53038
2.99897
1.53038
2.99897
1.53038
2.99897
1.53038
2.99897
1.53038
3.079
1.48668
3.079
1.48668
3.079
1.48668
2.98981
1.51942
2.98981
1.51942
2.98981
1.51942
2.98981
1.51942
2.98981
1.51942
2.98981
1.51942
2.98981
1.51942
2.98981
1.51942
2.98981
1.51942
2.97837
1.53065
2.97837
1.53065
2.97837
1.53065
2.91283
1.50981
2.91283
1.50981
2.95168
1.55018
3.0194
1.48919
3.0194
1.48919
3.0194
1.48919
3.02707
1.51806
2.99482
1.50084
2.99482
1.50084
2.99482
1.50084
3.01627
1.49295
2.93224
1.55465
2.97068
1.52728
3.06734
1.4618
3.06734
1.4618
3.06734
1.4618
3.03289
1.4798
3.03289
1.4798
2.98029
1.52322
2.98029
1.52322
2.98029
1.52322
2.98029
1.52322
3.04572
1.50805
3.01992
1.52243
3.01992
1.52243
3.01992
1.52243
3.01992
1.52243
3.01992
1.52243
3.01992
1.52243
3.01992
1.52243
3.01992
1.52243
3.07354
1.49072
3.02209
1.5612
3.01893
1.52898
3.01893
1.52898
3.01893
1.52898
3.01893
1.52898
3.01893
1.52898
3.01893
1.52898
3.01893
1.52898
3.01893
1.52898
3.01893
1.52898
3.01893
1.52898
3.01808
1.54702
3.01808
1.54702
3.01808
1.54702
3.01808
1.54702
3.05815
1.55198
2.99623
1.51314
2.99623
1.51314
2.99623
1.51314
2.99623
1.51314
2.99623
1.51314
2.99623
1.51314
3.03161
1.56108
3.0336
1.53605
3.0336
1.53605
3.0336
1.53605
3.0336
1.53605
3.0336
1.53605
3.01428
1.53405
3.01428
1.53405
3.01428
1.53405
3.01428
1.53405
3.01428
1.53405
3.01428
1.53405
3.05914
1.48467
3.05914
1.48467
3.05914
1.48467
3.05914
1.48467
3.04995
1.544
2.92763
1.54243
2.92763
1.54243
2.92763
1.54243
2.92763
1.54243
2.92763
1.54243
2.92763
1.54243
2.92763
1.54243
2.92763
1.54243
2.92763
1.54243
2.92763
1.54243
2.92763
1.54243
2.92763
1.54243
3.00829
1.4936
2.98503
1.52421
2.98503
1.52421
2.98503
1.52421
2.98503
1.52421
2.98503
1.52421
2.98503
1.52421
2.98503
1.52421
2.98503
1.52421
2.98503
1.52421
2.98503
1.52421
2.98503
1.52421
2.98503
1.52421
2.98503
1.52421
2.98503
1.52421
3.01465
1.503
3.01465
1.503
2.96135
1.51664
2.96135
1.51664
2.96135
1.51664
2.96135
1.51664
2.96135
1.51664
2.96135
1.51664
2.96135
1.51664
2.96135
1.51664
2.96135
1.51664
2.98137
1.47042
2.98137
1.47042
2.98137
1.47042
2.98137
1.47042
2.91146
1.50713
2.93463
1.58049
2.97455
1.5178
2.97455
1.5178
2.97455
1.5178
2.97455
1.5178
3.02906
1.51102
3.02906
1.51102
3.00319
1.49167
3.00319
1.49167
3.00319
1.49167
3.00319
1.49167
3.00319
1.49167
3.09795
1.5147
3.09795
1.5147
3.09795
1.5147
3.09795
1.5147
3.09795
1.5147
3.09111
1.5554
3.09111
1.5554
2.97256
1.53453
2.97256
1.53453
2.97256
1.53453
2.97256
1.53453
2.97256
1.53453
2.97256
1.53453
3.01846
1.51985
3.01846
1.51985
3.01846
1.51985
2.99558
1.53362
3.03086
1.50933
3.03086
1.50933
3.03086
1.50933
3.03086
1.50933
3.03086
1.50933
3.03086
1.50933
2.99791
1.52628
2.99791
1.52628
2.99791
1.52628
2.99791
1.52628
2.99791
1.52628
2.99356
1.47076
2.96818
1.45735
2.96818
1.45735
2.96818
1.45735
2.96818
1.45735
2.96818
1.45735
2.92123
1.5274
2.92123
1.5274
2.92123
1.5274
2.92123
1.5274
2.92123
1.5274
2.95398
1.59897
2.95398
1.59897
3.0424
1.59607
3.0424
1.59607
3.0424
1.59607
3.0424
1.59607
2.99268
1.60525
2.99268
1.60525
3.01383
1.55972
3.03335
1.57701
3.03335
1.57701
3.03335
1.57701
3.03335
1.57701
3.03335
1.57701
3.0409
1.57978
3.0409
1.57978
3.0409
1.57978
3.0409
1.57978
3.06731
1.51247
3.06731
1.51247
3.06731
1.51247
3.06731
1.51247
3.06731
1.51247
3.06731
1.51247
3.06731
1.51247
3.06731
1.51247
3.06731
1.51247
3.06731
1.51247
3.06731
1.51247
3.06731
1.51247
3.06731
1.51247
3.03818
1.56283
3.03818
1.56283
3.03818
1.56283
3.03818
1.56283
3.03818
1.56283
3.03818
1.56283
2.9687
1.51879
2.98292
1.48659
2.98292
1.48659
2.98292
1.48659
2.98089
1.5723
2.98089
1.5723
2.98089
1.5723
2.98089
1.5723
2.98969
1.56468
2.98969
1.56468
3.00757
1.49248
3.00757
1.49248
3.00757
1.49248
3.00757
1.49248
3.00757
1.49248
3.00757
1.49248
3.00757
1.49248
3.00757
1.49248
3.00757
1.49248
3.01303
1.53548
3.01303
1.53548
3.01303
1.53548
3.05338
1.54522
3.0541
1.59686
3.0541
1.59686
3.0541
1.59686
3.0541
1.59686
2.98075
1.6022
2.98075
1.6022
2.98075
1.6022
3.00437
1.51054
3.00437
1.51054
3.00437
1.51054
3.00437
1.51054
3.00437
1.51054
2.95918
1.53314
3.01069
1.51333
3.01069
1.51333
3.01069
1.51333
3.01069
1.51333
3.03774
1.53795
3.03774
1.53795
3.03774
1.53795
3.05265
1.51633
3.05265
1.51633
3.05265
1.51633
3.05265
1.51633
3.05265
1.51633
3.05265
1.51633
3.01543
1.52328
2.9631
1.5513
2.97793
1.54853
2.97793
1.54853
2.97793
1.54853
3.04154
1.49507
3.03597
1.55189
2.99079
1.57363
3.0284
1.47547
3.0284
1.47547
3.01104
1.52948
3.09772
1.54578
3.14243
1.55954
3.14243
1.55954
3.14243
1.55954
3.07239
1.5334
3.07239
1.5334
3.07239
1.5334
3.07239
1.5334
3.01381
1.55916
3.01381
1.55916
3.01381
1.55916
3.01381
1.55916
3.00733
1.5559
3.00733
1.5559
3.00733
1.5559
2.92533
1.50456
2.92533
1.50456
2.92533
1.50456
2.92533
1.50456
2.97182
1.5061
3.06863
1.52826
3.06863
1.52826
3.06863
1.52826
3.06863
1.52826
3.018
1.60532
3.018
1.60532
2.98765
1.59975
2.98765
1.59975
2.98765
1.59975
3.05563
1.58165
3.05563
1.58165
2.95128
1.52585
2.95128
1.52585
2.96647
1.51015
2.96647
1.51015
2.96647
1.51015
2.96647
1.51015
2.96647
1.51015
3.07155
1.50811
3.07155
1.50811
2.96013
1.60346
2.95513
1.54434
2.95513
1.54434
2.95513
1.54434
2.95513
1.54434
2.95513
1.54434
3.06954
1.57466
3.02638
1.57698
3.02638
1.57698
3.02638
1.57698
3.10363
1.56248
3.10363
1.56248
3.06626
1.49994
3.06626
1.49994
3.06626
1.49994
3.10358
1.5462
3.10327
1.5169
2.96113
1.5399
2.96113
1.5399
2.9866
1.54126
2.95547
1.51882
2.95547
1.51882
2.95547
1.51882
2.99203
1.50341
2.99203
1.50341
2.99203
1.50341
2.99203
1.50341
2.99203
1.50341
2.99203
1.50341
2.99203
1.50341
2.96546
1.54585
2.96546
1.54585
2.96546
1.54585
2.96546
1.54585
3.00165
1.50174
3.00165
1.50174
3.09241
1.54554
3.05652
1.49925
3.05652
1.49925
3.05652
1.49925
3.05652
1.49925
3.05652
1.49925
3.05652
1.49925
3.04317
1.50709
3.04317
1.50709
3.0246
1.52365
3.0246
1.52365
3.0246
1.52365
3.0246
1.52365
2.98734
1.51449
2.98734
1.51449
2.98734
1.51449
2.98734
1.51449
2.98734
1.51449
2.98734
1.51449
2.98734
1.51449
2.98734
1.51449
2.98734
1.51449
2.98734
1.51449
2.98734
1.51449
2.98734
1.51449
2.98734
1.51449
2.98734
1.51449
2.98734
1.51449
3.01972
1.51527
3.01972
1.51527
3.01972
1.51527
3.01972
1.51527
3.01972
1.51527
3.01972
1.51527
3.01972
1.51527
2.99671
1.48208
2.99671
1.48208
2.99671
1.48208
2.99671
1.48208
2.99671
1.48208
2.99671
1.48208
2.99671
1.48208
2.99671
1.48208
2.99671
1.48208
2.99671
1.48208
2.94542
1.55376
2.94542
1.55376
3.1036
1.53142
3.1036
1.53142
3.1036
1.53142
3.1036
1.53142
3.1036
1.53142
3.1036
1.53142
3.1036
1.53142
3.1036
1.53142
3.1036
1.53142
3.1036
1.53142
3.1036
1.53142
3.1036
1.53142
3.11607
1.56383
3.11607
1.56383
3.13321
1.62864
3.13321
1.62864
3.13321
1.62864
3.13321
1.62864
3.05704
1.42069
3.05704
1.42069
3.13267
1.47623
3.13077
1.47967
3.13077
1.47967
3.13077
1.47967
3.13077
1.47967
3.13077
1.47967
3.13077
1.47967
2.94161
1.52222
2.94161
1.52222
3.08218
1.46078
3.08218
1.46078
3.08218
1.46078
3.08218
1.46078
3.08218
1.46078
3.06675
1.47833
2.95575
1.51573
2.95575
1.51573
2.95575
1.51573
2.95575
1.51573
3.0457
1.58262
3.0457
1.58262
2.99011
1.5389
2.99011
1.5389
2.99011
1.5389
2.99011
1.5389
2.99011
1.5389
2.99011
1.5389
2.99011
1.5389
2.99455
1.51812
2.99455
1.51812
2.99455
1.51812
2.99455
1.51812
2.99455
1.51812
2.99455
1.51812
2.99455
1.51812
2.99455
1.51812
2.99455
1.51812
2.99455
1.51812
2.99455
1.51812
2.99455
1.51812
2.99455
1.51812
2.9866
1.53461
2.9866
1.53461
3.00293
1.52078
3.00976
1.59516
3.00976
1.59516
3.00976
1.59516
3.00976
1.59516
3.00976
1.59516
3.04593
1.54095
3.04593
1.54095
3.04593
1.54095
3.04593
1.54095
3.04593
1.54095
3.04593
1.54095
3.04593
1.54095
2.96108
1.49461
2.96108
1.49461
3.10959
1.42098
3.10959
1.42098
3.10959
1.42098
3.10959
1.42098
3.10959
1.42098
3.05007
1.62679
3.0766
1.62464
3.12503
1.53657
2.99841
1.54762
3.03365
1.5504
3.03365
1.5504
3.03365
1.5504
3.03365
1.5504
3.03365
1.5504
3.03365
1.5504
3.03365
1.5504
3.03365
1.5504
3.03365
1.5504
3.03365
1.5504
3.03365
1.5504
3.00971
1.54231
3.00971
1.54231
3.00971
1.54231
3.00971
1.54231
3.00971
1.54231
3.00971
1.54231
3.00971
1.54231
3.00971
1.54231
2.96877
1.53221
2.96877
1.53221
2.96877
1.53221
2.96877
1.53221
2.96877
1.53221
2.96877
1.53221
2.96877
1.53221
2.96877
1.53221
2.96877
1.53221
2.96877
1.53221
2.96877
1.53221
2.96877
1.53221
2.96327
1.48139
2.9274
1.55478
2.97511
1.57157
2.97511
1.57157
2.97511
1.57157
2.97511
1.57157
2.97511
1.57157
2.97511
1.57157
3.04983
1.56866
3.04983
1.56866
2.99183
1.56604
2.99183
1.56604
2.99183
1.56604
2.99183
1.56604
2.99183
1.56604
2.99183
1.56604
2.99183
1.56604
3.05316
1.57681
3.05316
1.57681
2.9926
1.50031
2.9926
1.50031
2.9926
1.50031
2.9926
1.50031
2.9926
1.50031
2.9926
1.50031
2.9926
1.50031
2.9926
1.50031
2.9926
1.50031
2.9926
1.50031
2.9926
1.50031
2.9926
1.50031
2.99213
1.52471
2.99213
1.52471
2.99213
1.52471
2.99317
1.46854
2.99317
1.46854
2.99317
1.46854
2.99317
1.46854
2.99317
1.46854
3.07365
1.54896
3.07365
1.54896
3.07365
1.54896
3.07365
1.54896
3.07365
1.54896
3.07365
1.54896
3.07365
1.54896
3.02992
1.53058
3.02992
1.53058
3.02992
1.53058
3.02992
1.53058
3.02992
1.53058
3.02992
1.53058
3.02992
1.53058
3.02992
1.53058
3.02992
1.53058
3.13567
1.51075
3.13567
1.51075
3.13567
1.51075
3.14584
1.5486
3.02394
1.46562
3.09269
1.47624
3.09269
1.47624
3.09269
1.47624
3.09269
1.47624
3.07679
1.46404
3.07679
1.46404
3.07679
1.46404
3.01288
1.50385
3.01288
1.50385
3.00442
1.5505
2.99132
1.50631
2.99845
1.55072
2.99845
1.55072
2.99845
1.55072
2.99845
1.55072
2.99845
1.55072
2.99845
1.55072
2.99845
1.55072
2.99845
1.55072
3.00227
1.49529
3.00227
1.49529
3.00227
1.49529
3.03897
1.54374
3.03897
1.54374
2.94064
1.55275
2.94064
1.55275
2.94064
1.55275
2.94064
1.55275
2.94064
1.55275
2.94064
1.55275
2.94064
1.55275
2.91348
1.55573
2.91348
1.55573
2.91348
1.55573
2.9916
1.50641
2.9916
1.50641
2.99682
1.5489
2.99682
1.5489
2.99682
1.5489
2.99682
1.5489
3.01768
1.55543
3.01768
1.55543
3.01768
1.55543
3.01768
1.55543
3.07124
1.51617
3.07124
1.51617
3.07124
1.51617
3.07124
1.51617
3.06229
1.51556
3.06229
1.51556
3.01044
1.46428
3.01044
1.46428
3.00004
1.52806
3.00004
1.52806
3.00004
1.52806
3.00004
1.52806
3.00004
1.52806
2.96359
1.56349
2.96359
1.56349
2.96359
1.56349
2.96359
1.56349
2.96359
1.56349
2.96359
1.56349
2.96359
1.56349
2.96359
1.56349
2.96359
1.56349
2.96359
1.56349
2.9467
1.53355
2.9467
1.53355
3.04574
1.5548
3.04574
1.5548
3.04574
1.5548
3.04574
1.5548
3.00515
1.50379
3.00515
1.50379
3.00515
1.50379
3.00608
1.51607
3.00608
1.51607
3.00608
1.51607
3.00608
1.51607
3.00608
1.51607
3.00608
1.51607
3.00608
1.51607
3.00608
1.51607
3.00608
1.51607
2.91829
1.53934
2.91829
1.53934
2.91829
1.53934
2.91829
1.53934
2.91829
1.53934
3.06162
1.56421
3.06162
1.56421
3.06162
1.56421
3.06162
1.56421
3.06162
1.56421
3.06162
1.56421
3.06162
1.56421
3.06162
1.56421
2.99978
1.57033
2.99978
1.57033
3.04301
1.5777
3.04301
1.5777
3.04301
1.5777
3.04301
1.5777
3.08431
1.55068
3.08431
1.55068
2.91903
1.47854
2.91903
1.47854
2.91903
1.47854
2.91903
1.47854
2.91903
1.47854
2.91903
1.47854
3.13559
1.4945
3.06662
1.52032
3.06662
1.52032
3.06662
1.52032
3.06662
1.52032
2.96372
1.55552
2.96372
1.55552
2.92263
1.46827
2.92263
1.46827
2.92263
1.46827
2.98524
1.4774
3.00131
1.56998
3.00131
1.56998
3.00131
1.56998
3.00131
1.56998
3.00528
1.49724
3.00528
1.49724
3.05067
1.50195
3.05067
1.50195
2.98738
1.52041
2.98738
1.52041
2.98738
1.52041
2.98738
1.52041
2.97437
1.48477
2.97437
1.48477
2.97938
1.53996
3.00845
1.51241
3.00845
1.51241
3.00845
1.51241
3.00845
1.51241
3.00845
1.51241
3.00845
1.51241
3.02487
1.47492
3.03252
1.46625
2.96597
1.54556
2.96597
1.54556
2.96597
1.54556
2.98553
1.52109
3.03883
1.59439
2.923
1.54296
2.923
1.54296
2.923
1.54296
2.923
1.54296
2.923
1.54296
2.923
1.54296
2.923
1.54296
2.923
1.54296
3.09305
1.5368
3.09305
1.5368
3.05919
1.5103
3.05919
1.5103
3.05919
1.5103
3.01536
1.50014
3.01536
1.50014
3.01536
1.50014
3.01536
1.50014
3.01536
1.50014
